 0.000000e+00  0.000000e+00  0.000000e+00  3.397750e-09  0.000000e+00  0.000000e+00  0.000000e+00  0.000000e+00  0.000000e+00  0.000000e+00 
 3.000000e-02  3.000000e-02  3.000000e-02  2.307727e-02  3.000000e-02  0.000000e+00  3.000000e-02  1.000000e+00  3.000000e-02  6.236454e-08 
 6.000000e-02  6.000000e-02  6.000000e-02  3.446705e-02  6.000000e-02  0.000000e+00  6.000000e-02  2.000000e+00  6.000000e-02  1.189251e-07 
 9.000000e-02  9.000000e-02  9.000000e-02  1.531106e-02  9.000000e-02  0.000000e+00  9.000000e-02  3.000000e+00  9.000000e-02  1.694862e-07 
 1.200000e-01  1.200000e-01  1.200000e-01  6.251356e-03  1.200000e-01  0.000000e+00  1.200000e-01  4.000000e+00  1.200000e-01  2.182306e-07 
 1.500000e-01  1.500000e-01  1.500000e-01  2.741835e-03  1.500000e-01  0.000000e+00  1.500000e-01  5.000000e+00  1.500000e-01  2.868012e-07 
 1.800000e-01  1.800000e-01  1.800000e-01  1.234300e-03  1.800000e-01  0.000000e+00  1.800000e-01  6.000000e+00  1.800000e-01  3.369902e-07 
 2.100000e-01  2.100000e-01  2.100000e-01  5.610855e-04  2.100000e-01  0.000000e+00  2.100000e-01  7.000000e+00  2.100000e-01  3.836249e-07 
 2.400000e-01  2.400000e-01  2.400000e-01  2.560782e-04  2.400000e-01  0.000000e+00  2.400000e-01  8.000000e+00  2.400000e-01  4.158562e-07 
 2.700000e-01  2.700000e-01  2.700000e-01  1.170530e-04  2.700000e-01  0.000000e+00  2.700000e-01  9.000000e+00  2.700000e-01  4.167922e-07 
 3.000000e-01  3.000000e-01  3.000000e-01  5.376989e-05  3.000000e-01  0.000000e+00  3.000000e-01  1.000000e+01  3.000000e-01  3.457065e-07 
 3.300000e-01  3.300000e-01  3.300000e-01  2.497716e-05  3.300000e-01  0.000000e+00  3.300000e-01  1.100000e+01  3.300000e-01  9.193599e-08 
 3.600000e-01  3.600000e-01  3.600000e-01  1.188711e-05  3.600000e-01  0.000000e+00  3.600000e-01  1.200000e+01  3.600000e-01  6.144595e-07 
 3.900000e-01  3.900000e-01  3.900000e-01  5.852469e-06  3.900000e-01  0.000000e+00  3.900000e-01  1.300000e+01  3.900000e-01  1.706354e-06 
 4.200000e-01  4.200000e-01  4.200000e-01  2.962479e-06  4.200000e-01  0.000000e+00  4.200000e-01  1.400000e+01  4.200000e-01  2.310759e-06 
 4.500000e-01  4.500000e-01  4.500000e-01  9.994264e-02  4.500000e-01  0.000000e+00  4.500000e-01  1.500000e+01  4.500000e-01  4.532751e-06 
 4.800000e-01  4.800000e-01  4.800000e-01  3.329721e-01  4.800000e-01  0.000000e+00  4.800000e-01  1.600000e+01  4.800000e-01  8.457749e-06 
 5.100000e-01  5.100000e-01  5.100000e-01  5.144502e-01  5.100000e-01  0.000000e+00  5.100000e-01  1.700000e+01  5.100000e-01  1.547797e-05 
 5.400000e-01  5.400000e-01  5.400000e-01  5.572206e-01  5.400000e-01  5.500856e-13  5.400000e-01  4.084694e+07  5.400000e-01  2.246931e-05 
 5.700000e-01  5.700000e-01  5.700000e-01  5.882663e-01  5.700000e-01  6.199787e-13  5.700000e-01  5.887031e+07  5.700000e-01  3.649834e-05 
 6.000000e-01  6.000000e-01  6.000000e-01  6.189848e-01  6.000000e-01  6.873373e-13  6.000000e-01  7.966077e+07  6.000000e-01  5.475382e-05 
 6.300000e-01  6.300000e-01  6.300000e-01  6.495999e-01  6.300000e-01  8.011043e-13  6.300000e-01  1.020300e+08  6.300000e-01  8.173664e-05 
 6.600000e-01  6.600000e-01  6.600000e-01  6.801569e-01  6.600000e-01  8.941950e-13  6.600000e-01  1.271890e+08  6.600000e-01  1.137317e-04 
 6.900000e-01  6.900000e-01  6.900000e-01  7.105746e-01  6.900000e-01  9.123106e-13  6.900000e-01  1.624703e+08  6.900000e-01  1.482234e-04 
 7.200000e-01  7.200000e-01  7.200000e-01  7.409171e-01  7.200000e-01  1.115453e-12  7.200000e-01  1.690050e+08  7.200000e-01  1.885171e-04 
 7.500000e-01  7.500000e-01  7.500000e-01  7.711838e-01  7.500000e-01  1.103007e-12  7.500000e-01  2.157896e+08  7.500000e-01  2.380174e-04 
 7.800000e-01  7.800000e-01  7.800000e-01  8.012878e-01  7.800000e-01  1.172442e-12  7.800000e-01  2.505602e+08  7.800000e-01  2.937672e-04 
 8.100000e-01  8.100000e-01  8.100000e-01  8.315074e-01  8.100000e-01  1.372624e-12  8.100000e-01  2.591559e+08  8.100000e-01  3.557237e-04 
 8.400000e-01  8.400000e-01  8.400000e-01  8.614434e-01  8.400000e-01  1.706993e-12  8.400000e-01  2.491899e+08  8.400000e-01  4.253655e-04 
 8.700000e-01  8.700000e-01  8.700000e-01  8.915645e-01  8.700000e-01  1.882162e-12  8.700000e-01  2.676097e+08  8.700000e-01  5.036848e-04 
 9.000000e-01  9.000000e-01  9.000000e-01  9.220573e-01  9.000000e-01  1.983568e-12  9.000000e-01  2.950545e+08  9.000000e-01  5.852607e-04 
 9.300000e-01  9.300000e-01  9.300000e-01  9.523866e-01  9.300000e-01  2.115809e-12  9.300000e-01  3.217065e+08  9.300000e-01  6.806696e-04 
 9.600000e-01  9.600000e-01  9.600000e-01  9.819649e-01  9.600000e-01  2.244684e-12  9.600000e-01  3.498158e+08  9.600000e-01  7.852259e-04 
 9.900000e-01  9.900000e-01  9.900000e-01  1.013925e+00  9.900000e-01  2.372486e-12  9.900000e-01  3.775056e+08  9.900000e-01  8.956269e-04 
 1.020000e+00  1.020000e+00  1.020000e+00  1.041521e+00  1.020000e+00  2.498670e-12  1.020000e+00  4.059428e+08  1.020000e+00  1.014317e-03 
 1.050000e+00  1.050000e+00  1.050000e+00  1.071486e+00  1.050000e+00  2.626562e-12  1.050000e+00  4.345058e+08  1.050000e+00  1.141257e-03 
 1.080000e+00  1.080000e+00  1.080000e+00  1.101148e+00  1.080000e+00  2.767894e-12  1.080000e+00  4.618581e+08  1.080000e+00  1.278374e-03 
 1.110000e+00  1.110000e+00  1.110000e+00  1.129199e+00  1.110000e+00  2.908972e-12  1.110000e+00  4.890377e+08  1.110000e+00  1.422597e-03 
 1.140000e+00  1.140000e+00  1.140000e+00  1.160909e+00  1.140000e+00  3.050693e-12  1.140000e+00  5.170986e+08  1.140000e+00  1.577509e-03 
 1.170000e+00  1.170000e+00  1.170000e+00  1.191357e+00  1.170000e+00  3.203541e-12  1.170000e+00  5.432751e+08  1.170000e+00  1.740404e-03 
